##################################################################################################
# Data Analysis Code Project for the External Target Facility, CSR-HIRFL, @IMP
#
# Channel Id file for the Optical Fiber detector.
# Identity: __________ ETF -> Optical Fiber detector __________
# channel map rule:
#	level0: strip0 -> strip 40;		level1: [0-1-2-3] <=> [UpV-UpH-DownV-DownH]
#
# File format is as follows:
# channelId	uid
#
# Created Time: 2018/06/19 19:22
# Author: SUN Yazhou, asia.rabbit@163.com
# Last Modified: 2018/06/19 19:22, SUN Yazhou
##################################################################################################

3101	19
3102	32787
3103	65555
3104	98323

3105	531
3106	33299
3107	66067
3108	98835

3109	1043
3110	33811
3111	66579
3112	99347

3113	1555
3114	34323
3115	67091
3116	99859

3117	2067
3118	34835
3119	67603
3120	100371

3121	2579
3122	35347
3123	68115
3124	100883

3125	3091
3126	35859
3127	68627
3128	101395

3129	3603
3130	36371
3131	69139
3132	101907



3201	4115
3202	36883
3203	69651
3204	102419

3205	4627
3206	37395
3207	70163
3208	102931

3209	5139
3210	37907
3211	70675
3212	103443

3213	5651
3214	38419
3215	71187
3216	103955

3217	6163
3218	38931
3219	71699
3220	104467

3221	6675
3222	39443
3223	72211
3224	104979

3225	7187
3226	39955
3227	72723
3228	105491

3229	7699
3230	40467
3231	73235
3232	106003



3301	8211
3302	40979
3303	73747
3304	106515

3305	8723
3306	41491
3307	74259
3308	107027

3309	9235
3310	42003
3311	74771
3312	107539

3313	9747
3314	42515
3315	75283
3316	108051

3317	10259
3318	43027
3319	75795
3320	108563

3321	10771
3322	43539
3323	76307
3324	109075

3325	11283
3326	44051
3327	76819
3328	109587

3329	11795
3330	44563
3331	77331
3332	110099



3401	12307
3402	45075
3403	77843
3404	110611

3405	12819
3406	45587
3407	78355
3408	111123

3409	13331
3410	46099
3411	78867
3412	111635

3413	13843
3414	46611
3415	79379
3416	112147

3417	14355
3418	47123
3419	79891
3420	112659

3421	14867
3422	47635
3423	80403
3424	113171

3425	15379
3426	48147
3427	80915
3428	113683

3429	15891
3430	48659
3431	81427
3432	114195



3501	16403
3502	49171
3503	81939
3504	114707

3505	16915
3506	49683
3507	82451
3508	115219

3509	17427
3510	50195
3511	82963
3512	115731

3513	17939
3514	50707
3515	83475
3516	116243

3517	18451
3518	51219
3519	83987
3520	116755

3521	18963
3522	51731
3523	84499
3524	117267

3525	19475
3526	52243
3527	85011
3528	117779

3529	19987
3530	52755
3531	85523
3532	118291



