##################################################################################################
# Data Analysis Code Project for the External Target Facility, CSR-HIRFL, @IMP
#
# Channel Id file for 16 channels of an SFE16 chip used for Ampli-Shape-Discri in MWDC FEE.
# Identity: __________ ETF -> MWDCArrayL -> TOFWall __________
# channel map rule:
#	level0: strip 0 -> strip 8;		level1: [0-1-2-3] <=> [UpV-UpH-DownV-DownH]
#
# File format is as follows:
# channelId	uid
#
# Created Time: 2017/10/15 10:21
# Author: SUN Yazhou, asia.rabbit@163.com
# Last Modified: 2017/10/15 10:21, SUN Yazhou
##################################################################################################

3301	195
3302	32963
3303	65731
3304	98499

3305	707
3306	33475
3307	66243
3308	99011

3309	1219
3310	33987
3311	66755
3312	99523

3313	1731
3314	34499
3315	67267
3316	100035

3317	2243
3318	35011
3319	67779
3320	100547

3321	2755
3322	35523
3323	68291
3324	101059

3325	3267
3326	36035
3327	68803
3328	101571

3329	3779
3330	36547
3331	69315
3332	102083



3401	4291
3402	37059
3403	69827
3404	102595

3405	4803
3406	37571
3407	70339
3408	103107

3409	5315
3410	38083
3411	70851
3412	103619

3413	5827
3414	38595
3415	71363
3416	104131

3417	6339
3418	39107
3419	71875
3420	104643

3421	6851
3422	39619
3423	72387
3424	105155

3425	7363
3426	40131
3427	72899
3428	105667

3429	7875
3430	40643
3431	73411
3432	106179



3501	8387
3502	41155
3503	73923
3504	106691

3505	8899
3506	41667
3507	74435
3508	107203

3509	9411
3510	42179
3511	74947
3512	107715

3513	9923
3514	42691
3515	75459
3516	108227

3517	10435
3518	43203
3519	75971
3520	108739

3521	10947
3522	43715
3523	76483
3524	109251

3525	11459
3526	44227
3527	76995
3528	109763

3529	11971
3530	44739
3531	77507
3532	110275



3601	12483
3602	45251
3603	78019
3604	110787

3605	12995
3606	45763
3607	78531
3608	111299

3609	13507
3610	46275
3611	79043
3612	111811

3613	14019
3614	46787
3615	79555
3616	112323

3617	14531
3618	47299
3619	80067
3620	112835

3621	15043
3622	47811
3623	80579
3624	113347

