##################################################################################################
# Data Analysis Code Project for the External Target Facility, CSR-HIRFL, @IMP
#
# Channel Id file for 16 channels of an SFE16 chip used for Ampli-Shape-Discri in MWDC FEE.
# Identity: __________ ETF -> MWDCArrayR -> TOFWall __________
# channel map rule:
#	level0: strip0 -> strip 15;		level1: [0-1-2-3] <=> [UpV-UpH-DownV-DownH]
#
# File format is as follows:
# channelId	uid
#
# Created Time: 2017/10/15 10:21
# Author: SUN Yazhou, asia.rabbit@163.com
# Last Modified: 2017/10/15 10:21, SUN Yazhou
##################################################################################################

1	196
2	32964
3	65732
4	98500

5	708
6	33476
7	66244
8	99012

9	1220
10	33988
11	66756
12	99524

13	1732
14	34500
15	67268
16	100036

17	2244
18	35012
19	67780
20	100548

21	2756
22	35524
23	68292
24	101060

25	3268
26	36036
27	68804
28	101572

29	3780
30	36548
31	69316
32	102084



101	4292
102	37060
103	69828
104	102596

105	4804
106	37572
107	70340
108	103108

109	5316
110	38084
111	70852
112	103620

113	5828
114	38596
115	71364
116	104132

117	6340
118	39108
119	71876
120	104644

121	6852
122	39620
123	72388
124	105156

125	7364
126	40132
127	72900
128	105668

129	7876
130	40644
131	73412
132	106180



201	8388
202	41156
203	73924
204	106692

205	8900
206	41668
207	74436
208	107204

209	9412
210	42180
211	74948
212	107716

213	9924
214	42692
215	75460
216	108228

217	10436
218	43204
219	75972
220	108740

221	10948
222	43716
223	76484
224	109252

225	11460
226	44228
227	76996
228	109764

229	11972
230	44740
231	77508
232	110276



301	12484
302	45252
303	78020
304	110788

305	12996
306	45764
307	78532
308	111300

309	13508
310	46276
311	79044
312	111812

313	14020
314	46788
315	79556
316	112324

317	14532
318	47300
319	80068
320	112836

321	15044
322	47812
323	80580
324	113348

