# energy [MeV] vs. diff. cs per electron [Mbarn / MeV]
2.05925e-06  0
2.18127e-06  0
2.31052e-06  0
2.44743e-06  0
2.59245e-06  0
2.74606e-06  0
2.90877e-06  0
3.08113e-06  0
3.2637e-06  0
3.45708e-06  0
3.66193e-06  0
3.87891e-06  0
4.10875e-06  0
4.35221e-06  0
4.61009e-06  0
4.88326e-06  0
5.17261e-06  0
5.47911e-06  0
5.80377e-06  0
6.14766e-06  0
6.51193e-06  0
6.89779e-06  0
7.30651e-06  0
7.73945e-06  0
8.19804e-06  0
8.6838e-06  0
9.19835e-06  0
9.74338e-06  0
1.03207e-05  0
1.09323e-05  0
1.158e-05  0
1.22662e-05  0
1.2993e-05  0
1.37629e-05  58.0307
1.45784e-05  190.031
1.54422e-05  658.833
1.63572e-05  3214.48
1.73265e-05  3342.2
1.83531e-05  3448.23
1.94406e-05  3393.31
2.05925e-05  3219.54
2.18127e-05  3019.41
2.31052e-05  2790.97
2.44743e-05  2562.34
2.59245e-05  2317.65
2.74606e-05  2060.81
2.90877e-05  1786.74
3.08113e-05  1504.91
3.2637e-05  1221.64
3.45708e-05  975.923
3.66193e-05  745.874
3.87891e-05  499.22
4.10875e-05  328.688
4.35221e-05  242.819
4.61009e-05  198.872
4.88326e-05  171.87
5.17261e-05  149.874
5.47911e-05  132.458
5.80377e-05  118.293
6.14766e-05  106.781
6.51193e-05  96.8993
6.89779e-05  87.3078
7.30651e-05  78.6169
7.73945e-05  70.4714
8.19804e-05  62.9424
8.6838e-05  55.9311
9.19835e-05  49.7592
9.74338e-05  44.2142
0.000103207  38.8061
0.000109323  33.9766
0.0001158  29.7885
0.000122662  25.8996
0.00012993  22.3639
0.000137629  19.3477
0.000145784  16.844
0.000154422  14.6921
0.000163572  12.8245
0.000173265  11.1973
0.000183531  9.72141
0.000194406  8.36788
0.000205925  7.1487
0.000218127  6.12819
0.000231052  5.27851
0.000244743  9.43376
0.000259245  21.2394
0.000274606  17.5018
0.000290877  15.1919
0.000308113  13.2707
0.00032637  11.8041
0.000345708  10.2767
0.000366193  8.56352
0.000387891  7.19234
0.000410875  6.04374
0.000435221  5.09855
0.000461009  4.33894
0.000488326  3.69779
0.000517261  3.15446
0.000547911  2.98835
0.000580377  2.66219
0.000614766  2.24477
0.000651193  1.89077
0.000689779  1.59485
0.000730651  1.35013
0.000773945  1.1408
0.000819804  0.96241
0.00086838  0.813699
0.000919835  0.690429
0.000974338  0.586392
0.00103207  0.498999
0.00109323  0.425371
0.001158  0.363437
0.00122662  0.311294
0.0012993  0.267136
0.00137629  0.229738
0.00145784  0.198068
0.00154422  0.171288
0.00163572  0.148516
0.00173265  0.129028
0.00183531  0.112276
0.00194406  0.0978749
0.00205925  0.0854728
0.00218127  0.0747472
0.00231052  0.0654595
0.00244743  0.0574045
0.00259245  0.0504046
0.00274606  0.0443106
0.00290877  0.0389967
0.00308113  0.0343558
0.0032637  0.0453391
0.00345708  0.0422049
0.00366193  0.0362915
0.00387891  0.0312531
0.00410875  0.0269578
0.00435221  0.023293
0.00461009  0.0201622
0.00488326  0.0174827
0.00517261  0.0151875
0.00547911  0.0132177
0.00580377  0.0115236
0.00614766  0.0100633
0.00651193  0.0088027
0.00689779  0.0077118
0.00730651  0.00676603
0.00773945  0.00594449
0.00819804  0.00522944
0.0086838  0.00460589
0.00919835  0.00406123
0.00974338  0.00358462
0.0103207  0.00316695
0.0109323  0.00280032
0.01158  0.0024781
0.0122662  0.0021945
0.012993  0.0019446
0.0137629  0.00172418
0.0145784  0.00152954
0.0154422  0.00135751
0.0163572  0.00120535
0.0173265  0.00107064
0.0183531  0.000951311
0.0194406  0.000845535
0.0205925  0.000751723
0.0218127  0.000668482
0.0231052  0.000594587
0.0244743  0.000528961
0.0259245  0.000470656
0.0274606  0.00041884
0.0290877  0.000372775
0.0308113  0.000331834
0.032637  0.000295432
0.0345708  0.000263039
0.0366193  0.000234209
0.0387891  0.000208548
0.0410875  0.000185703
0.0435221  0.000165365
0.0461009  0.000147257
0.0488326  0.000131133
0.0517261  0.000116775
0.0547911  0.00010399
0.0580377  9.2603e-05
0.0614766  8.24623e-05
0.0651193  7.34309e-05
0.0689779  6.53873e-05
0.0730651  5.82232e-05
0.0773945  5.18425e-05
0.0819804  4.61594e-05
0.086838  4.10977e-05
0.0919835  3.65895e-05
0.0974338  3.25742e-05
0.103207  2.89979e-05
0.109323  2.58128e-05
0.1158  2.29761e-05
0.122662  2.04498e-05
0.12993  1.81998e-05
0.137629  1.61962e-05
0.145784  1.44119e-05
0.154422  1.2823e-05
0.163572  1.14082e-05
0.173265  1.01484e-05
0.183531  9.02669e-06
0.194406  8.02804e-06
